-0.0183718	0.98624967	0.00540622	-0.00073801	0.97463664
-0.05119386	1.05623887	-0.01352573	0.001889	0.98812242
-0.07867301	1.12745039	-0.02774934	0.00397645	1.01197499
-0.10590321	1.23321648	-0.04927701	0.00631328	1.06011812
-0.13361664	1.35573164	-0.07343441	0.00868387	1.11824667
-0.1619462	1.49312113	-0.10195186	0.01136081	1.18485003
-0.19108078	1.64595807	-0.13548426	0.01478916	1.26021895
-0.21789738	1.79369437	-0.16473557	0.01755301	1.33946687
-0.24679207	1.94101915	-0.18960486	0.0194532	1.41971458
-0.2677464	2.058862	-0.2012118	0.01949951	1.49384726
-0.29296559	2.25496797	-0.24521005	0.02412351	1.605463
-0.32519388	2.42619868	-0.28825633	0.02965918	1.69572294
-0.3474802	2.55613596	-0.30209625	0.0297491	1.77985998
-0.35602069	2.79138446	-0.34251938	0.03217571	1.94323515
-0.37388507	2.99035388	-0.37685141	0.03417233	2.07433765
-0.40098411	3.23551216	-0.42813033	0.03884319	2.22607538
-0.42827889	3.51097689	-0.49786905	0.0465862	2.39037059
-0.46752042	3.62959081	-0.50981974	0.04675369	2.45781286
-0.51401517	3.82155126	-0.55877563	0.05417598	2.55803741
-0.56814452	3.84300346	-0.53706136	0.05077601	2.55903266
-0.61051723	4.13483986	-0.60773228	0.05895169	2.73127436
-0.66465293	4.54369777	-0.72403383	0.07412163	2.9610262
-0.74248417	4.94897981	-0.84287945	0.09009093	3.16541195
-0.85453578	5.11509052	-0.86825039	0.09312986	3.20551379
-1.01814056	5.39001882	-0.95098772	0.10541077	3.24921192
-0.03220343	0.9514032	0.00628734	0	1.92151377
-0.06990945	0.99681586	0.00514929	0	1.96307128
-0.12149347	1.03730419	0.00423562	0	1.98616415
-0.18758275	1.04824072	0.00575331	0	1.95362725
-0.25864848	1.04797528	0.00803372	0	1.90059873
-0.31513679	1.06910128	0.00867592	0	1.89305029
-0.36420744	1.12469785	0.00687567	0	1.94475373
-0.40800873	1.21428279	0.00204996	0	2.04876539
-0.44875061	1.30904146	-0.00329275	0	2.16486989
-0.48669972	1.37573668	-0.00536157	0	2.24765179
-0.53034987	1.40136325	-0.00284433	0	2.26938907
-0.57432345	1.5753102	-0.01542791	0	2.49497492
-0.61827483	1.70414268	-0.02450148	0	2.65714696
-0.68883555	1.80386565	-0.03107986	0	2.7534641
-0.73570307	1.92570499	-0.0383819	0	2.90893677
-0.79277911	2.0383393	-0.04380117	0	3.04663595
-0.86917412	2.12475644	-0.04791593	0	3.12426054
-0.93674836	2.2082331	-0.05079253	0	3.21266306
-1.03250868	2.29218921	-0.05438482	0	3.27348114
-1.12149975	2.36487555	-0.05634662	0	3.32613419
-1.21405656	2.50138137	-0.06375229	0	3.47050282
-1.3085648	2.64567828	-0.07128089	0	3.62825212
-1.42295544	2.79853731	-0.07998139	0	3.7797293
-1.58384946	2.93185241	-0.08804021	0	3.85319929
-1.77752732	3.12279311	-0.10031811	0	3.98601933
0.01425507	1.01988254	0	0	3.05401647
-0.10010962	1.03922071	0	0	3.00266828
-0.20116025	1.06280563	0	0	2.97483237
-0.29619658	1.08362069	0	0	2.94443497
-0.37224016	1.11319301	0	0	2.95847089
-0.4604127	1.14180473	0	0	2.95816958
-0.52153148	1.18285406	0	0	3.01914274
-0.59086632	1.2180591	0	0	3.05701854
-0.66409757	1.26226915	0	0	3.11631679
-0.74458539	1.29586408	0	0	3.14091462
-0.83954205	1.32613699	0	0	3.14144197
-0.9222055	1.36598375	0	0	3.18045044
-1.00707535	1.40329341	0	0	3.20979247
-1.11370982	1.4451729	0	0	3.23239977
-1.19410468	1.48790085	0	0	3.28017807
-1.26937633	1.55886325	0	0	3.4144108
-1.33940353	1.63638681	0	0	3.5728253
-1.41375998	1.70264308	0	0	3.69647183
-1.50857556	1.77267016	0	0	3.81117799
-1.61308851	1.8441435	0	0	3.92040211
-1.73664791	1.91281934	0	0	4.00465323
-1.87576057	1.98230324	0	0	4.07600499
-2.0269559	2.06191316	0	0	4.16653533
-2.20488362	2.14247295	0	0	4.23264999
-2.40811389	2.24215215	0	0	4.32757572
-0.0244873	1.02800413	0	0	4.07244304
-0.17926044	1.04474773	0	0	3.98853277
-0.27098814	1.07428817	0	0	4.0149673
-0.38435455	1.10191642	0	0	4.01429619
-0.48490798	1.1264395	0	0	4.01346339
-0.5342865	1.18194003	0	0	4.17515171
-0.67676535	1.19865798	0	0	4.10677746
-0.72029048	1.25693314	0	0	4.2883923
-0.83647439	1.29437338	0	0	4.32431829
-0.94790229	1.32826683	0	0	4.34939808
-1.04263327	1.37045049	0	0	4.42476108
-1.19048104	1.4068502	0	0	4.42666778
-1.28963132	1.4507616	0	0	4.50355452
-1.4132897	1.4970525	0	0	4.56677365
-1.52061945	1.54846081	0	0	4.66638631
-1.68043909	1.58626933	0	0	4.6622376
-1.81397008	1.63061396	0	0	4.70837959
-1.93508573	1.68351074	0	0	4.79960209
-2.07124895	1.74580812	0	0	4.91317111
-2.20454097	1.81362169	0	0	5.04955575
-2.37101474	1.87773308	0	0	5.14096621
-2.55658806	1.94465883	0	0	5.22546299
-2.75850942	2.0222426	0	0	5.33477389
-3.00839705	2.10581631	0	0	5.42058343
-3.2751894	2.19698186	0	0	5.51980774
0.02083331	1.0251781	0	0	5.13305729
-0.19544528	1.037071	0	0	4.98626304
-0.31748098	1.06774992	0	0	5.01636162
-0.4511127	1.09349173	0	0	5.01314444
-0.5081979	1.14221548	0	0	5.19515594
-0.64844386	1.16959323	0	0	5.1973212
-0.78388983	1.1983048	0	0	5.20923716
-0.89226357	1.2375777	0	0	5.2968834
-1.03893542	1.27002279	0	0	5.31442821
-1.15158066	1.31423491	0	0	5.42212396
-1.25546478	1.36378891	0	0	5.56501259
-1.43689312	1.40311779	0	0	5.5836985
-1.59395377	1.43530323	0	0	5.5921941
-1.71960563	1.48846855	0	0	5.73386466
-1.84957747	1.53310474	0	0	5.82639282
-1.98261491	1.59724962	0	0	6.01278301
-2.10355589	1.66049974	0	0	6.20857656
-2.22678443	1.72194503	0	0	6.39282066
-2.41215483	1.78544826	0	0	6.52743079
-2.60115971	1.84735243	0	0	6.64988004
-2.7989943	1.91670455	0	0	6.80404286
-3.04308641	1.98082309	0	0	6.88777128
-3.26893943	2.06853093	0	0	7.09963878
-3.54662968	2.15893133	0	0	7.27398265
-3.9065505	2.23743275	0	0	7.30971725
0.10268529	1.06233323	0	0	6.4553706
-0.10711788	1.08569846	0	0	6.39021589
-0.25670243	1.11453233	0	0	6.41234545
-0.42860607	1.13991374	0	0	6.39405029
-0.58140487	1.17221921	0	0	6.43220656
-0.74364084	1.20918963	0	0	6.49082631
-0.85372368	1.2515532	0	0	6.63493421
-1.04744667	1.28104668	0	0	6.62185275
-1.17563497	1.32847634	0	0	6.77661103
-1.32630035	1.36073173	0	0	6.81868665
-1.51263821	1.39642256	0	0	6.84983688
-1.69665826	1.43908537	0	0	6.92357226
-1.85887381	1.48165344	0	0	7.0197345
-2.02647435	1.53748854	0	0	7.1889269
-2.21213866	1.57814798	0	0	7.2489654
-2.42608039	1.62418086	0	0	7.31301399
-2.64361156	1.66825057	0	0	7.36124314
-2.86782588	1.70991412	0	0	7.39100489
-3.04482252	1.78380188	0	0	7.65639362
-3.29682525	1.84042759	0	0	7.74747106
-3.53200103	1.91204036	0	0	7.94386865
-3.77856039	1.99711396	0	0	8.20699916
-4.09198662	2.07308763	0	0	8.35278953
-4.46127051	2.15283209	0	0	8.46322975
-4.84663661	2.26163182	0	0	8.73079979
0.01520367	1.0212788	0	0	7.16936642
-0.04740807	1.06481218	0	0	7.40254976
-0.28082728	1.08452735	0	0	7.30854007
-0.56482793	1.09568929	0	0	7.10793907
-0.85263569	1.10438224	0	0	6.88716743
-1.11083694	1.1197379	0	0	6.74147024
-1.3380974	1.13527127	0	0	6.6274593
-1.50025031	1.17145958	0	0	6.71772857
-1.74667595	1.18765723	0	0	6.58929087
-1.91731568	1.21740031	0	0	6.62778123
-2.05209462	1.25979699	0	0	6.78640417
-2.30504188	1.28596906	0	0	6.72413879
-2.41126392	1.33985346	0	0	6.99080465
-2.55580188	1.39540306	0	0	7.23081238
-2.69059635	1.44733272	0	0	7.45685776
-2.86843709	1.50525209	0	0	7.68271888
-3.0493186	1.56365581	0	0	7.91034464
-3.23598337	1.62633971	0	0	8.15978616
-3.47421705	1.69402981	0	0	8.39625689
-3.75143997	1.74247531	0	0	8.46069843
-3.85508404	1.86136397	0	0	9.17732284
-4.17922063	1.92750376	0	0	9.31805976
-4.45003013	2.02239323	0	0	9.70938177
-4.83240742	2.11485118	0	0	9.97553714
-5.29820248	2.21309836	0	0	10.19549317
-0.39922247	0.96614268	0	0	7.36308639
-0.6478104	0.98829381	0	0	7.29562412
-0.90512466	1.00600781	0	0	7.18043625
-1.03504484	1.03978883	0	0	7.32057971
-1.22893065	1.07002212	0	0	7.37047853
-1.43398855	1.09930195	0	0	7.40209013
-1.67092025	1.12422199	0	0	7.36924412
-1.84133808	1.15985129	0	0	7.48535954
-1.99791297	1.20320583	0	0	7.67295564
-2.29080531	1.22047939	0	0	7.52333645
-2.56486258	1.23983004	0	0	7.40823268
-2.74749831	1.28319784	0	0	7.57233093
-2.95497357	1.31812527	0	0	7.64538242
-3.15215473	1.36269115	0	0	7.80268567
-3.28785164	1.41800597	0	0	8.10359247
-3.47063547	1.47886995	0	0	8.40424354
-3.64325327	1.54274521	0	0	8.73679992
-3.8397279	1.60188327	0	0	9.01120228
-4.03144405	1.68070546	0	0	9.44549071
-4.21368254	1.76777472	0	0	9.95525836
-4.53723736	1.83612375	0	0	10.18196096
-4.9049994	1.9067515	0	0	10.37909127
-5.26566882	1.9913289	0	0	10.6921812
-5.68488627	2.0823284	0	0	10.99868842
-6.24404744	2.16669305	0	0	11.11840161
-0.4182973	0.98199477	0	0	8.41536544
-0.52239398	1.02190768	0	0	8.66034589
-0.78385774	1.04090641	0	0	8.57102608
-1.05679171	1.06612179	0	0	8.52746023
-1.13431053	1.11379382	0	0	8.87141035
-1.46408321	1.12917071	0	0	8.68249257
-1.69201722	1.15810526	0	0	8.71686766
-1.76532435	1.21077909	0	0	9.11212246
-1.93332456	1.2549509	0	0	9.33682998
-2.09358946	1.29879793	0	0	9.56649393
-2.36819331	1.32795931	0	0	9.55620647
-2.56829552	1.37686566	0	0	9.79386203
-2.80435905	1.41167936	0	0	9.87362481
-3.09964865	1.4471635	0	0	9.90043545
-3.31413719	1.49894269	0	0	10.14957023
-3.55649689	1.56267649	0	0	10.47679479
-3.960653	1.59085622	0	0	10.33687387
-4.3441627	1.61822423	0	0	10.21127218
-4.69797263	1.6656189	0	0	10.29055335
-4.89563533	1.76081648	0	0	10.94395394
-5.2956936	1.81416887	0	0	11.02617946
-5.63815024	1.89211154	0	0	11.38581347
-6.17452812	1.94475562	0	0	11.33000389
-6.72358743	2.01453093	0	0	11.4122889
-7.39459484	2.07256382	0	0	11.27122598
-0.42673415	0.97696733	0	0	9.33690428
-0.52615735	1.01469201	0	0	9.60827282
-0.75032237	1.04137592	0	0	9.65299243
-1.066826	1.06035216	0	0	9.52601634
-1.33665656	1.08890237	0	0	9.54192855
-1.42595202	1.13690291	0	0	9.92415187
-1.54428847	1.18401286	0	0	10.27269265
-1.774195	1.21937768	0	0	10.39457986
-2.01883134	1.25721765	0	0	10.52762705
-2.18101615	1.29626061	0	0	10.75479155
-2.42472835	1.33886236	0	0	10.93826431
-2.76081331	1.36952752	0	0	10.91103475
-3.19665524	1.38218364	0	0	10.61182834
-3.48472406	1.42443204	0	0	10.74491553
-3.76395652	1.46501992	0	0	10.87469563
-4.05576188	1.51664606	0	0	11.10004119
-4.42481092	1.55053638	0	0	11.07442835
-4.65414019	1.61302731	0	0	11.46898489
-4.94599421	1.6818277	0	0	11.86485272
-5.37202976	1.72713869	0	0	11.89530343
-5.70452096	1.80670522	0	0	12.35643597
-6.12774625	1.87590968	0	0	12.62535212
-6.65186326	1.94208602	0	0	12.767621
-7.20850445	2.02442031	0	0	13.03403881
-7.88212847	2.11313374	0	0	13.25158695
-0.19535902	1.00559129	0	0	10.87038879
-0.7528311	1.01038095	0	0	10.37302517
-1.21180473	1.02016732	0	0	10.03075566
-1.46670398	1.05491036	0	0	10.15927363
-1.74697202	1.08478989	0	0	10.20279774
-1.80567466	1.14132695	0	0	10.7562263
-2.10745844	1.17186987	0	0	10.7956354
-2.36834954	1.20501771	0	0	10.90229685
-2.6609816	1.24282553	0	0	11.02705458
-2.93005645	1.274986	0	0	11.11239068
-3.21495136	1.3057434	0	0	11.16987898
-3.54778906	1.34177906	0	0	11.23710382
-3.71696283	1.38722752	0	0	11.5643504
-3.74577468	1.46849164	0	0	12.41150376
-3.98532412	1.51818333	0	0	12.71447825
-4.24047003	1.57846161	0	0	13.11845679
-4.55902586	1.63036351	0	0	13.36978139
-4.73778196	1.70097923	0	0	13.9594279
-5.11177593	1.76039503	0	0	14.23885326
-5.56410423	1.81295488	0	0	14.36785692
-6.11302269	1.85389337	0	0	14.27618096
-6.59009692	1.92606235	0	0	14.59683401
-7.24961896	1.98408398	0	0	14.58548058
-7.77410956	2.07779737	0	0	15.08677627
-8.44670592	2.17452086	0	0	15.47653172
0.6236395	1.07319721	0	0	13.46696427
0.39480701	1.10660837	0	0	13.63758906
0.39878595	1.16233939	0	0	14.29837849
-0.16405274	1.17371553	0	0	13.87540451
-0.50859206	1.20634874	0	0	13.92678409
-0.72398492	1.24684749	0	0	14.19287607
-1.08816368	1.27744775	0	0	14.19285263
-1.44422212	1.31098081	0	0	14.2386013
-1.76256188	1.34778305	0	0	14.36079309
-2.04664975	1.38565639	0	0	14.53529802
-2.6404779	1.39613015	0	0	14.07879262
-3.16295762	1.41727511	0	0	13.81866487
-3.44533971	1.45388739	0	0	13.97699217
-3.8376283	1.49367624	0	0	14.06476906
-4.12353121	1.54221915	0	0	14.35905377
-4.55070001	1.5848988	0	0	14.44353335
-5.03290868	1.6184283	0	0	14.36772826
-5.48212779	1.66017629	0	0	14.42392278
-5.94349081	1.71291744	0	0	14.59925758
-6.35805907	1.7763558	0	0	14.94725292
-6.85206179	1.83641566	0	0	15.17644294
-7.30312143	1.91542788	0	0	15.67021099
-7.93893685	1.98368372	0	0	15.85627296
-8.59728756	2.06457462	0	0	16.16938142
-9.40614589	2.15113101	0	0	16.40074311
-0.15166327	1.03163511	0	0	13.24032273
-0.29682393	1.07264714	0	0	13.62326086
-0.80545944	1.0906501	0	0	13.3609782
-1.24763888	1.11502027	0	0	13.23879029
-1.56297598	1.1459202	0	0	13.32467925
-1.77818824	1.18376477	0	0	13.59780088
-2.22754573	1.20466518	0	0	13.42237457
-2.69342304	1.21966155	0	0	13.15726135
-3.13901783	1.2457368	0	0	13.0542091
-3.39546712	1.28686728	0	0	13.33326049
-3.76755467	1.32068892	0	0	13.39902442
-4.10323327	1.36526527	0	0	13.6424466
-4.47055214	1.39894438	0	0	13.71634202
-4.87294776	1.44074018	0	0	13.86237247
-5.22898241	1.48046384	0	0	14.02472973
-5.6020018	1.53114812	0	0	14.31307228
-5.99475933	1.57850827	0	0	14.5374655
-6.37916131	1.62875976	0	0	14.80524171
-6.62554324	1.72010075	0	0	15.7377148
-7.13000793	1.77447076	0	0	15.94455535
-7.67620371	1.83823988	0	0	16.23354516
-8.31523358	1.89643413	0	0	16.35598098
-8.93129759	1.97172851	0	0	16.7194179
-9.63108026	2.06158149	0	0	17.18770184
-10.4300129	2.15951031	0	0	17.65972012
-0.74614558	0.98466994	0	0	13.03446479
-1.12407592	1.0113286	0	0	13.02866703
-1.38902163	1.04186614	0	0	13.18332311
-1.7504017	1.07046599	0	0	13.22121524
-2.13171585	1.089463	0	0	13.10819662
-2.46863371	1.11843485	0	0	13.17729036
-2.710088	1.15204135	0	0	13.40170002
-3.18337613	1.17449007	0	0	13.25546195
-3.32187073	1.23359369	0	0	13.93222399
-3.43283866	1.29289375	0	0	14.64350519
-3.53440241	1.3523251	0	0	15.36575032
-3.9790876	1.38944067	0	0	15.44183772
-4.34672029	1.42822538	0	0	15.61693107
-4.8863526	1.45290503	0	0	15.43256322
-5.16415211	1.49923165	0	0	15.80109236
-5.65657182	1.53480748	0	0	15.80536528
-6.35356208	1.54514446	0	0	15.26898366
-6.89858142	1.57677689	0	0	15.17604839
-7.50776978	1.59949571	0	0	14.89302915
-8.17296699	1.62052891	0	0	14.53071223
-8.74044583	1.67384722	0	0	14.71091158
-9.25435034	1.75173591	0	0	15.28179093
-9.89460165	1.81988219	0	0	15.59493229
-10.53730211	1.9155544	0	0	16.28860418
-11.32182992	2.02441584	0	0	17.0235377
0.08890107	1.04605206	0	0	15.75883189
-0.4128364	1.06936598	0	0	15.60927567
-0.68874279	1.11694005	0	0	16.04305106
-1.29444725	1.13489992	0	0	15.71438764
-1.7632799	1.16209433	0	0	15.65797722
-2.17324543	1.19354721	0	0	15.72137838
-2.65262755	1.2202319	0	0	15.64327131
-2.9750558	1.25708802	0	0	15.87165019
-3.51330031	1.28140106	0	0	15.7001209
-4.1336033	1.28632712	0	0	15.16154224
-4.52137134	1.32077809	0	0	15.29219233
-4.86044605	1.37195534	0	0	15.71600338
-5.21290478	1.41807217	0	0	16.05402348
-5.55254238	1.47308118	0	0	16.53626421
-5.88753393	1.52208627	0	0	16.93486908
-6.29500456	1.57263764	0	0	17.28942552
-6.80959288	1.61301977	0	0	17.38054304
-7.18783321	1.67231913	0	0	17.89013723
-7.7202516	1.73633051	0	0	18.31885201
-8.3608717	1.78043054	0	0	18.34474038
-8.88610457	1.84691771	0	0	18.81049923
-9.48155658	1.92222536	0	0	19.34086381
-10.36260328	1.96752064	0	0	19.14034549
-11.11496456	2.05563286	0	0	19.70145426
-12.0084381	2.16528388	0	0	20.44799459
0.46528978	1.05112529	0	0	17.25488211
0.43008154	1.10351062	0	0	18.05053033
0.07697252	1.13860184	0	0	18.26027314
-0.37950973	1.16796658	0	0	18.27404649
-0.88386002	1.19333026	0	0	18.18099203
-1.33058369	1.22542139	0	0	18.25127443
-1.61922129	1.27035729	0	0	18.67528843
-1.8763267	1.31420796	0	0	19.12033097
-1.97338603	1.37603638	0	0	20.00857771
-2.58224544	1.39868495	0	0	19.76886902
-2.84090858	1.45124132	0	0	20.34344564
-2.9879655	1.51692859	0	0	21.24523244
-3.23984964	1.56688525	0	0	21.78280095
-3.48443482	1.63680741	0	0	22.65271599
-3.9875709	1.67937664	0	0	22.83257296
-4.28747788	1.7519989	0	0	23.6906827
-4.88069483	1.80707543	0	0	23.98008544
-5.34249111	1.86691377	0	0	24.47432402
-5.56129322	1.96501259	0	0	25.81734211
-6.26979326	2.02530811	0	0	26.07471515
-7.32166933	2.06845898	0	0	25.72806144
-8.08670318	2.14897186	0	0	26.25556111
-8.65873574	2.25249876	0	0	27.33758012
-9.24533172	2.38101549	0	0	28.80098978
-10.48180252	2.46608487	0	0	28.92682924
-0.12141974	1.03076923	0	0	17.38536404
-0.74566631	1.04877034	0	0	17.07812936
-0.95561978	1.09036086	0	0	17.57356401
-0.92481394	1.14940866	0	0	18.58805077
-1.069791	1.19881546	0	0	19.2736669
-1.35655478	1.24461144	0	0	19.76180159
-1.64450229	1.28780204	0	0	20.20215689
-1.74659172	1.34388438	0	0	21.04475621
-1.65103495	1.41926069	0	0	22.41269941
-1.76124366	1.4762776	0	0	23.26739057
-2.34478192	1.50709561	0	0	23.21475569
-3.49371502	1.50655735	0	0	22.07577551
-4.39138552	1.5154096	0	0	21.34494784
-5.26345745	1.53115958	0	0	20.75661649
-5.78066359	1.56502984	0	0	20.81951981
-6.35484599	1.60955103	0	0	21.00191306
-6.76551924	1.66979149	0	0	21.61064515
-7.43941487	1.70538542	0	0	21.54293558
-7.79743512	1.79327489	0	0	22.67282154
-8.59279577	1.83346776	0	0	22.56708577
-9.41138447	1.88158599	0	0	22.56698715
-10.15777121	1.951275	0	0	23.00386795
-10.95254487	2.02981087	0	0	23.5382585
-11.8346665	2.13059591	0	0	24.36844647
-12.92417615	2.2232823	0	0	24.85270129
-0.77986818	0.98133747	0	0	16.8572776
-0.79441135	1.02968238	0	0	17.70136645
-1.25033389	1.05806807	0	0	17.7552908
-1.72843077	1.08532626	0	0	17.77045115
-2.28883097	1.10718808	0	0	17.60839004
-2.61827901	1.14593448	0	0	17.97774096
-3.03443573	1.18145108	0	0	18.20127152
-3.51763928	1.21158057	0	0	18.25977507
-3.86608691	1.25863393	0	0	18.75760151
-4.41867669	1.28118544	0	0	18.61341726
-4.98809197	1.31087784	0	0	18.57739926
-5.65300187	1.3365042	0	0	18.38441051
-5.91902494	1.39355795	0	0	19.13916085
-6.24971747	1.45044333	0	0	19.82655948
-6.74656405	1.48871147	0	0	20.01963099
-7.34463122	1.53047716	0	0	20.17003888
-8.18555334	1.54743864	0	0	19.64659922
-8.82018605	1.58028163	0	0	19.60563813
-9.12768124	1.67019684	0	0	20.9058706
-9.38763893	1.77429283	0	0	22.5043608
-9.69595478	1.88300634	0	0	24.13481943
-10.16801544	1.99000979	0	0	25.57669172
-10.93868504	2.0878309	0	0	26.56626751
-12.17460856	2.14372256	0	0	26.34258679
-13.31060245	2.24707659	0	0	27.0590524
-0.65042637	0.98163369	0	0	18.02644062
-1.81831855	0.9739992	0	0	16.73753537
-1.94278557	1.02159918	0	0	17.50783638
-2.51609942	1.04093618	0	0	17.29811107
-3.1042003	1.06504599	0	0	17.16939322
-3.30855946	1.11892727	0	0	17.98186994
-3.69894784	1.15696029	0	0	18.31351373
-4.37111787	1.17201776	0	0	17.93402304
-4.85425504	1.20415757	0	0	18.06336817
-5.17745594	1.24852026	0	0	18.58094026
-5.37490214	1.30183529	0	0	19.39573218
-5.56015152	1.36263725	0	0	20.36877257
-5.68880549	1.43122589	0	0	21.535208
-6.31502145	1.46826225	0	0	21.61430918
-7.04069583	1.49003175	0	0	21.30872332
-7.73303975	1.52590997	0	0	21.30627214
-8.06915474	1.59268669	0	0	22.23692063
-8.29524268	1.67513289	0	0	23.57079963
-8.49637905	1.77700613	0	0	25.2911339
-8.8296156	1.86822887	0	0	26.68414873
-9.5438698	1.94041693	0	0	27.34538265
-9.95161969	2.05629471	0	0	29.12832021
-10.52922214	2.1736047	0	0	30.771944
-12.13707536	2.22527381	0	0	30.16778942
-13.01807866	2.36222434	0	0	31.88331065
-1.06857636	0.96487189	0	0	18.26725099
-1.49425447	0.99822735	0	0	18.50070479
-1.74337241	1.04022824	0	0	19.08073059
-2.75170577	1.03703821	0	0	18.02811531
-3.50661636	1.05074628	0	0	17.55334104
-4.24140268	1.06012732	0	0	17.01281401
-4.57604636	1.09944396	0	0	17.45922072
-5.05290626	1.1284979	0	0	17.56387804
-5.30081522	1.17721547	0	0	18.2782184
-5.54329536	1.22152635	0	0	18.91313597
-5.89372773	1.26550458	0	0	19.43930795
-6.54613046	1.29053943	0	0	19.29498906
-6.94804549	1.32686828	0	0	19.62114687
-7.42345994	1.36410937	0	0	19.88912757
-8.10465313	1.37876456	0	0	19.50125692
-8.78978243	1.41638114	0	0	19.57318581
-9.19013766	1.48133749	0	0	20.46579412
-9.68791843	1.54124032	0	0	21.16558952
-9.9250815	1.64288605	0	0	22.94942945
-10.67030768	1.69825485	0	0	23.31453573
-11.29104874	1.77399047	0	0	24.20810423
-11.96445351	1.87051655	0	0	25.4633647
-12.65347799	1.969995	0	0	26.75638178
-13.25760827	2.10824378	0	0	28.90438436
-14.4057113	2.22555523	0	0	30.09874911
1.97297433	1.10127532	0	0	25.05480549
1.41010264	1.13628944	0	0	25.2306409
0.53285927	1.15979646	0	0	24.85781286
-0.94100834	1.15143936	0	0	23.22723986
-1.69833324	1.17062798	0	0	22.87754758
-2.21379151	1.20687848	0	0	23.12509219
-2.86729931	1.23280216	0	0	23.0198166
-3.05582038	1.28598163	0	0	23.94572376
-3.29250335	1.33872038	0	0	24.80867389
-3.45171045	1.38750054	0	0	25.66127729
-3.62151371	1.45131892	0	0	26.82817047
-3.00884181	1.55769824	0	0	29.65205707
-3.27591267	1.61411708	0	0	30.56098207
-4.80766243	1.61326875	0	0	29.02339546
-5.34675615	1.65917154	0	0	29.44674918
-6.85262439	1.64929486	0	0	27.75083171
-7.41788601	1.69936031	0	0	28.23427962
-8.10515148	1.74504657	0	0	28.50657665
-8.85187742	1.8056997	0	0	29.03653011
-9.53699416	1.86854163	0	0	29.67580329
-10.99298932	1.88133502	0	0	28.50197758
-12.02206946	1.94354599	0	0	28.78037821
-13.20057232	2.00426226	0	0	28.88416333
-14.24487554	2.09515063	0	0	29.74230206
-15.78264258	2.16886833	0	0	29.75304653
-0.10333867	1.02044473	0	0	22.35494476
-1.31357641	1.02333886	0	0	21.21671303
-1.0077342	1.09180521	0	0	23.01024104
-1.58969045	1.11587046	0	0	22.95028373
-1.29658678	1.18838088	0	0	24.81078511
-3.11539916	1.16008734	0	0	22.39340658
-3.90131783	1.18071027	0	0	22.06733808
-4.57991099	1.2086785	0	0	22.01091943
-5.24461699	1.23911849	0	0	22.01737083
-5.67469173	1.278932	0	0	22.45876928
-6.15591889	1.32046856	0	0	22.8897322
-6.75687829	1.36053523	0	0	23.17204911
-6.93873446	1.42618367	0	0	24.42804563
-7.46998579	1.47485784	0	0	24.9631876
-8.10278611	1.5119496	0	0	25.14400734
-8.71442081	1.56622462	0	0	25.72526112
-9.29148376	1.62065226	0	0	26.34478706
-9.74666398	1.68871961	0	0	27.38155115
-10.40132261	1.75647153	0	0	28.21430865
-11.37321458	1.80740771	0	0	28.37225193
-12.56948904	1.84602806	0	0	28.03243044
-13.89110375	1.87414317	0	0	27.33642185
-15.0508199	1.92905254	0	0	27.38960135
-16.24074969	2.02447803	0	0	28.30254211
-17.48616754	2.14047062	0	0	29.59988693
-0.4994459	0.99922532	0	0	22.4356677
-1.36356658	1.01329566	0	0	21.90318409
-1.2838781	1.07326068	0	0	23.34285517
-3.03197986	1.0484829	0	0	21.05511228
-3.76841383	1.06740971	0	0	20.76282273
-4.48252295	1.08694087	0	0	20.50746941
-4.70292726	1.1320549	0	0	21.31708083
-5.17544096	1.17072957	0	0	21.7298793
-5.23784265	1.2410876	0	0	23.2751118
-6.0556837	1.25708848	0	0	22.83863121
-6.56260456	1.29757491	0	0	23.26143691
-7.16329232	1.34258401	0	0	23.69866541
-7.85401092	1.36819577	0	0	23.60680014
-8.54807303	1.40682801	0	0	23.8007548
-9.05993683	1.45443162	0	0	24.38446965
-9.81650218	1.49524398	0	0	24.57156522
-10.59330662	1.5313246	0	0	24.63008734
-11.48476294	1.55320309	0	0	24.25325489
-12.32889396	1.60506783	0	0	24.60546924
-12.95451688	1.67852996	0	0	25.66208928
-13.82161556	1.74527091	0	0	26.32904867
-14.79947177	1.80891881	0	0	26.81267116
-16.08208345	1.85011921	0	0	26.48270157
-17.61237247	1.87211318	0	0	25.46902265
-19.12881744	1.93892537	0	0	25.48896114
-0.07382888	1.02271887	0	0	24.43680134
-1.26322734	1.03382223	0	0	23.52458049
-2.60490334	1.02874967	0	0	22.07674673
-3.48119599	1.04345033	0	0	21.55644109
-3.5549811	1.09869139	0	0	22.79699871
-4.3438556	1.11606845	0	0	22.43173039
-5.11563904	1.13513926	0	0	22.12063636
-5.2286169	1.19589374	0	0	23.46547247
-5.83883708	1.2298028	0	0	23.67117704
-6.1484189	1.27492803	0	0	24.43688745
-6.75892171	1.30936942	0	0	24.65760295
-7.40239404	1.35007846	0	0	24.99271404
-8.04113095	1.38319446	0	0	25.15653114
-8.88996224	1.41237037	0	0	25.01373004
-9.60277155	1.45031666	0	0	25.21699769
-10.23553244	1.50475169	0	0	25.88811191
-11.15516423	1.53534232	0	0	25.7011714
-11.74054967	1.59282089	0	0	26.48792651
-12.64249117	1.64075487	0	0	26.73601663
-13.30058852	1.71217075	0	0	27.79007603
-14.3697002	1.75684854	0	0	27.79723761
-15.40563376	1.82266468	0	0	28.34490487
-16.73637622	1.87057718	0	0	28.16697139
-17.85760602	1.95847387	0	0	29.15013237
-19.36728421	2.04371428	0	0	29.68735594
-1.4674334	0.97072863	0	0	22.81467938
-2.40598835	0.98424934	0	0	22.22678235
-2.85067148	1.01744165	0	0	22.61351649
-2.54300447	1.09146496	0	0	24.75285236
-3.94854646	1.08422762	0	0	23.18114119
-4.75529934	1.10330284	0	0	22.85835485
-5.06488584	1.15101041	0	0	23.73278045
-5.88418659	1.16718182	0	0	23.32167885
-6.65851188	1.18182539	0	0	22.91510965
-7.23621089	1.21258115	0	0	23.10825675
-7.32961013	1.28222425	0	0	24.74394947
-8.31094419	1.29755319	0	0	24.15828568
-9.03422294	1.32582403	0	0	24.14836168
-9.47887387	1.37954112	0	0	25.03874167
-10.26028624	1.40908698	0	0	25.00211611
-10.98194471	1.44979796	0	0	25.29924252
-11.36270788	1.52744411	0	0	26.84723386
-11.79284026	1.59552523	0	0	28.11099139
-12.25407809	1.68278661	0	0	29.81926578
-13.12218859	1.73971629	0	0	30.37362247
-14.23263315	1.7884613	0	0	30.48691574
-15.42844969	1.83484532	0	0	30.45422383
-16.13660857	1.94882338	0	0	32.58057276
-17.51565822	2.02887672	0	0	33.20082807
-19.32818091	2.10293558	0	0	33.24531145
-0.95376699	0.99010068	0	0	24.78768335
-0.30618874	1.06819438	0	0	27.44718359
-0.84058713	1.1048192	0	0	27.86927671
-1.57072315	1.13661824	0	0	27.96995781
-1.9840063	1.1809826	0	0	28.70308432
-2.82265301	1.2063722	0	0	28.52407763
-4.00594213	1.21332095	0	0	27.52688448
-5.64523993	1.20063832	0	0	25.57476578
-5.94946748	1.25417905	0	0	26.65870689
-6.71397908	1.27963732	0	0	26.56405688
-7.66978944	1.29922339	0	0	26.12394224
-8.65959083	1.31235441	0	0	25.48544047
-9.25031883	1.35106842	0	0	25.90057251
-9.63632239	1.41186703	0	0	27.08716695
-9.62934669	1.49587189	0	0	29.26180114
-10.14565063	1.56186682	0	0	30.45811427
-10.98947597	1.60910469	0	0	30.84475685
-11.76168667	1.65136564	0	0	31.1719374
-12.89351651	1.69057609	0	0	31.06673018
-13.8447715	1.7473359	0	0	31.59885641
-14.65311637	1.83137222	0	0	32.97296517
-15.44071172	1.9297338	0	0	34.74054444
-16.72436804	2.00489849	0	0	35.41469519
-18.75440528	2.03507571	0	0	34.18651084
-19.84703601	2.1918563	0	0	37.15811931
-0.67130408	1.00332759	0	0	26.44683813
-1.48083119	1.02362498	0	0	26.17512096
-2.73111905	1.02976753	0	0	25.10339631
-3.36786588	1.05902898	0	0	25.25543006
-4.26921053	1.07791814	0	0	24.86895727
-5.25167535	1.09239424	0	0	24.28530031
-6.06883493	1.11611455	0	0	24.1061609
-6.84942139	1.13383909	0	0	23.80646679
-7.76203152	1.15176049	0	0	23.38083302
-8.44975761	1.18073433	0	0	23.47934425
-9.00958089	1.22295863	0	0	24.05882773
-9.07739717	1.3043057	0	0	26.17041119
-9.6320418	1.35473123	0	0	26.98019551
-10.48258559	1.384469	0	0	26.93823076
-10.87560163	1.44879586	0	0	28.27685356
-11.50329385	1.50519723	0	0	29.17089274
-12.1965555	1.56047904	0	0	29.96763938
-13.02270052	1.60803407	0	0	30.42626268
-13.69121688	1.6908902	0	0	31.99647362
-14.11842914	1.78912285	0	0	34.20279743
-15.39872829	1.83650964	0	0	34.20801567
-16.63914317	1.89839544	0	0	34.64202021
-17.91300325	1.96406233	0	0	35.13747575
-19.45151952	2.03986034	0	0	35.6420294
-21.24088536	2.12898496	0	0	36.25924742
0.94895902	1.06701762	0	0	30.80698696
-0.81896279	1.05850193	0	0	28.80386776
-1.96547406	1.07463827	0	0	28.11236876
-2.36915604	1.12140775	0	0	29.01029582
-2.98265134	1.15777548	0	0	29.411397
-4.08937683	1.16824133	0	0	28.60756837
-5.03563527	1.18688826	0	0	28.19409163
-6.42753782	1.18273354	0	0	26.70374189
-7.49470921	1.19761666	0	0	26.06134083
-8.2485605	1.22268828	0	0	26.01782748
-8.80918764	1.26571746	0	0	26.66670059
-9.56835317	1.29782899	0	0	26.80625628
-10.17180392	1.33615335	0	0	27.27674815
-11.14971916	1.36276248	0	0	27.05531346
-11.93252903	1.39696466	0	0	27.23360086
-12.5201415	1.46338484	0	0	28.49653476
-13.11118312	1.52919928	0	0	29.74502191
-13.59308795	1.60137551	0	0	31.27305544
-14.75898528	1.64384531	0	0	31.2975117
-15.52041701	1.72358265	0	0	32.76702958
-16.21681776	1.81888298	0	0	34.72596923
-16.76807582	1.93911715	0	0	37.52711111
-17.67625126	2.05387787	0	0	39.82824915
-19.79101551	2.1009594	0	0	39.04391698
-21.9819197	2.16894374	0	0	38.75876145
-1.16142041	0.97791041	0	0	27.21548272
-1.02789522	1.03817226	0	0	29.08548408
-1.54522437	1.07502205	0	0	29.63200928
-2.19211308	1.10436964	0	0	29.83670504
-2.30872497	1.16921303	0	0	31.59808605
-2.74306832	1.21566869	0	0	32.50150626
-3.44117926	1.2546289	0	0	32.93135408
-4.38688823	1.27593616	0	0	32.61042179
-6.58865502	1.24969394	0	0	29.67924317
-8.12692041	1.23780491	0	0	27.81759331
-7.95450591	1.31961718	0	0	30.34403294
-8.04634485	1.3930088	0	0	32.36845772
-8.89555276	1.42526482	0	0	32.45038417
-9.81217532	1.45995387	0	0	32.53473198
-10.51799215	1.50172819	0	0	33.03209354
-10.94709191	1.57671506	0	0	34.76010651
-11.03319096	1.67687637	0	0	37.55717707
-11.92600974	1.72345397	0	0	38.0129993
-13.1365749	1.76501239	0	0	38.00281224
-14.04292857	1.82616993	0	0	38.86536548
-15.4671115	1.86907206	0	0	38.68764801
-16.787458	1.93713869	0	0	39.34087483
-18.27749503	2.01397799	0	0	40.08741842
-20.11200214	2.08954003	0	0	40.44965418
-21.84222901	2.19671735	0	0	41.81573878
-0.4381964	1.02502674	0	0	30.29798809
-1.4702912	1.04430011	0	0	29.85174531
-2.27305857	1.07158893	0	0	29.87059541
-1.91772233	1.1395607	0	0	32.24411317
-2.48464154	1.17310862	0	0	32.68128619
-2.80480672	1.22323365	0	0	33.85319783
-2.92862552	1.27990071	0	0	35.42484618
-2.41108337	1.36285607	0	0	38.40828239
-5.36686921	1.32357437	0	0	34.3077087
-6.77588983	1.32821954	0	0	33.05112827
-7.97922171	1.3460982	0	0	32.39371055
-9.24465185	1.36132148	0	0	31.58928871
-10.23841361	1.3905568	0	0	31.47978942
-10.92081412	1.44738039	0	0	32.49766129
-11.86741145	1.48087846	0	0	32.55751066
-12.73282629	1.53704469	0	0	33.37571566
-13.58354654	1.59154973	0	0	34.15886806
-14.53323186	1.64060604	0	0	34.68242889
-16.17641148	1.65696447	0	0	33.53377538
-17.26816956	1.72132247	0	0	34.37058355
-17.58890868	1.85179547	0	0	37.94539854
-17.44617398	2.01690529	0	0	43.00111181
-19.98137929	2.01439329	0	0	40.41541575
-21.98791179	2.06361423	0	0	39.89314701
-24.32078928	2.11397301	0	0	39.07725209
-1.67460717	0.97764691	0	0	28.62891058
-3.40760675	0.97035959	0	0	26.69299282
-4.13212423	0.99715067	0	0	26.80860374
-3.99589796	1.05893122	0	0	28.84005267
-4.08097235	1.10996625	0	0	30.32309917
-4.42412521	1.16457994	0	0	31.6593126
-4.34823458	1.23251472	0	0	33.83530688
-4.20761822	1.30200503	0	0	36.1125253
-5.27080372	1.33644344	0	0	36.12812288
-6.47964857	1.35596092	0	0	35.52823582
-7.80623863	1.37465318	0	0	34.78401086
-9.01086151	1.40068669	0	0	34.39000476
-9.65875	1.4452011	0	0	35.12242874
-10.68283422	1.48478437	0	0	35.32816114
-11.76661588	1.51120166	0	0	35.0669948
-12.79602647	1.55112409	0	0	35.28098398
-13.76017013	1.59787118	0	0	35.77134091
-15.02526774	1.62612497	0	0	35.38895633
-15.41345181	1.72464025	0	0	38.03691022
-16.74895734	1.77317788	0	0	38.21142625
-18.01717057	1.83663123	0	0	38.91181547
-19.32515349	1.89895157	0	0	39.53777825
-20.07862869	2.03730727	0	0	43.05957665
-22.24272363	2.08953253	0	0	42.51813463
-24.64165723	2.15192026	0	0	42.05772005
-0.37989117	1.00396176	0	0	31.7069347
-1.95767177	1.00771302	0	0	30.25868243
-2.99420262	1.02868897	0	0	29.89926728
-4.13462541	1.04563726	0	0	29.31021055
-4.82814179	1.07623317	0	0	29.59795573
-5.434665	1.11346324	0	0	30.18111524
-6.40989249	1.13657194	0	0	29.95231243
-6.95704655	1.17947464	0	0	30.77245445
-7.33083093	1.23803453	0	0	32.26059799
-8.06084596	1.27233571	0	0	32.62818056
-8.94026927	1.30337311	0	0	32.74119682
-9.61306306	1.34872151	0	0	33.51751088
-9.61486195	1.42991595	0	0	36.10521319
-10.65798045	1.46906263	0	0	36.31872531
-11.75349631	1.49517797	0	0	36.06259405
-13.00028046	1.53051888	0	0	35.95254528
-14.71322632	1.53690456	0	0	34.46108374
-16.11952232	1.54552714	0	0	33.34499609
-16.96184693	1.61676685	0	0	34.78207497
-17.70644415	1.68773193	0	0	36.29443198
-19.02561913	1.7358719	0	0	36.51641032
-20.63279929	1.78432291	0	0	36.47270415
-22.0831338	1.85183001	0	0	37.18188251
-23.95861148	1.90780945	0	0	37.10646033
-26.24712531	1.94800549	0	0	36.11460313
0.578041	1.04529153	0	0	35.08307012
0.05122115	1.08483932	0	0	35.85506656
-1.05825025	1.11061605	0	0	35.59003538
-1.81088585	1.14601833	0	0	36.00902584
-3.30385885	1.15628718	0	0	34.85644558
-3.81223056	1.20004638	0	0	35.79082424
-4.30958028	1.24637184	0	0	36.81914491
-5.36837609	1.27197905	0	0	36.61057379
-6.25788263	1.31185805	0	0	37.03447703
-7.12183877	1.34540667	0	0	37.27213702
-7.62064397	1.39625673	0	0	38.44423117
-8.58498372	1.43888693	0	0	38.88626333
-9.19507383	1.48734687	0	0	39.8690165
-10.95974053	1.49514711	0	0	38.36964892
-11.30956997	1.56113764	0	0	40.18492565
-11.42447736	1.65849042	0	0	43.2682575
-11.95554829	1.7360305	0	0	45.28693221
-12.76888286	1.78617953	0	0	46.11688715
-13.10861832	1.88403989	0	0	48.99337703
-14.66299742	1.93146345	0	0	49.01277518
-15.80153057	2.00729117	0	0	50.37950622
-17.58628066	2.07115685	0	0	50.70882209
-19.0648219	2.16058338	0	0	52.17634081
-21.24659237	2.22662655	0	0	52.17806046
-23.68246701	2.31691351	0	0	52.72584328
0.56182534	1.05467198	0	0	36.43149734
2.30224634	1.15131705	0	0	41.42715748
2.33329203	1.20266057	0	0	43.19553684
0.93244712	1.21927897	0	0	42.36419775
-2.81777123	1.16565298	0	0	36.82445367
-3.58613158	1.19465814	0	0	37.04036689
-5.60296411	1.1830873	0	0	34.63333401
-8.36302809	1.1331634	0	0	30.20536445
-8.86450406	1.18111669	0	0	31.32099173
-9.00664855	1.23782268	0	0	33.08682086
-9.91638753	1.27191278	0	0	33.33377412
-11.16388994	1.28899794	0	0	32.66998704
-12.6059491	1.29286566	0	0	31.36962606
-13.85299615	1.31080314	0	0	30.73273874
-14.62956158	1.35560637	0	0	31.47451274
-15.79520984	1.38751275	0	0	31.39693733
-16.94177944	1.41884249	0	0	31.32076886
-18.05325433	1.45006589	0	0	31.27117381
-19.11190056	1.50474967	0	0	32.07095827
-20.48496845	1.54010735	0	0	31.91199775
-21.6850343	1.59694222	0	0	32.63974507
-23.05552418	1.64685788	0	0	32.96751075
-24.50892293	1.7135159	0	0	33.78219473
-26.20583521	1.79250743	0	0	34.77021363
-28.29264587	1.87296393	0	0	35.42136152
0.68221505	1.05194994	0	0	37.36687278
0.17009469	1.09166188	0	0	38.2386999
-0.76158587	1.11826825	0	0	38.23933631
-3.26923227	1.09923551	0	0	35.08815853
-2.67673906	1.17772189	0	0	38.40750725
-2.96167774	1.2326729	0	0	40.03823145
-3.62747681	1.27892514	0	0	40.98914801
-4.38307298	1.32838899	0	0	41.97436879
-4.86699878	1.38760782	0	0	43.56676979
-4.78346397	1.4545414	0	0	45.98321789
-6.01519748	1.48431482	0	0	45.79707609
-7.72742427	1.50223196	0	0	44.72336204
-8.59952063	1.54552951	0	0	45.37146687
-10.29195157	1.56785481	0	0	44.47630692
-10.69106889	1.63361925	0	0	46.36805176
-11.42980044	1.69541856	0	0	47.79016695
-14.39240474	1.6576735	0	0	43.53719967
-16.38267413	1.65735546	0	0	41.5560106
-18.14680347	1.68195898	0	0	40.66995634
-19.29558298	1.74376744	0	0	41.68354251
-20.03489594	1.84448742	0	0	44.45600709
-21.13863286	1.93565541	0	0	46.53366351
-22.84612627	2.00785842	0	0	47.34961972
-24.51505512	2.10960064	0	0	49.24161917
-26.94321346	2.19433912	0	0	49.77894595
-1.35472954	0.99030163	0	0	34.24007988
-3.06845258	0.98831467	0	0	32.4667408
-3.90084719	1.01583015	0	0	32.62047331
-4.34947221	1.05853149	0	0	33.69719778
-4.19485297	1.12117056	0	0	36.08774049
-3.90397309	1.19372632	0	0	38.97434698
-4.25013662	1.2491644	0	0	40.62280918
-5.81908457	1.2654652	0	0	39.66163393
-8.25914549	1.24974154	0	0	36.68469843
-9.26659831	1.28219917	0	0	36.85161594
-10.79545059	1.29247743	0	0	35.70143308
-12.04781726	1.32021308	0	0	35.45609346
-12.90038928	1.36072271	0	0	36.0619942
-14.04357897	1.39991339	0	0	36.33172811
-15.09323979	1.43646648	0	0	36.60161816
-16.04969718	1.4903018	0	0	37.57573496
-17.4962444	1.51694891	0	0	37.09461048
-18.77514898	1.54984335	0	0	37.00518484
-20.42999621	1.57739807	0	0	36.35277517
-21.86181448	1.62179799	0	0	36.52339032
-23.06208923	1.70769939	0	0	38.41532706
-24.48195761	1.77821751	0	0	39.53443346
-26.41630888	1.81767698	0	0	39.03067507
-28.49189181	1.86837522	0	0	38.78878304
-30.64957123	1.94133097	0	0	39.26029959
-1.38051785	0.9987968	0	0	35.61811345
-0.46390982	1.07878364	0	0	39.47099341
-0.74683015	1.12523276	0	0	40.89312713
-0.36103151	1.18972091	0	0	43.64307886
-0.45284135	1.24748957	0	0	45.68198293
-2.5026194	1.25896122	0	0	44.08064692
-3.38183348	1.29771322	0	0	44.63930964
-1.33227742	1.41629807	0	0	51.04610334
-1.97489927	1.46713279	0	0	52.28064694
-4.2793963	1.46266446	0	0	49.82237186
-6.35268879	1.46739423	0	0	47.93962943
-8.15593274	1.48434084	0	0	46.77697023
-8.94711754	1.53128246	0	0	47.7142368
-10.13698874	1.57893522	0	0	48.28686634
-11.52600095	1.61260901	0	0	48.14379737
-12.84707931	1.65361925	0	0	48.33860753
-14.28937769	1.700149	0	0	48.62748619
-15.45108658	1.75118608	0	0	49.35479177
-17.14392342	1.79931776	0	0	49.446602
-18.27605937	1.87857401	0	0	51.24601202
-19.86169978	1.93613245	0	0	51.79312212
-21.56639473	2.00556409	0	0	52.65653089
-23.62525752	2.07109766	0	0	53.02273498
-25.10154041	2.19522589	0	0	56.12889209
-27.45719434	2.31348632	0	0	58.1457053
-0.53233662	1.00814555	0	0	37.87671254
-1.65368201	1.03084904	0	0	37.62014299
-1.2859126	1.09779299	0	0	40.51422388
-3.44674105	1.09746795	0	0	38.35706231
-4.99468762	1.11056146	0	0	37.31947917
-5.89903524	1.14272994	0	0	37.63781562
-7.27249154	1.1623929	0	0	37.01409799
-8.76646332	1.17069642	0	0	35.83702613
-10.04683572	1.1961018	0	0	35.52942267
-11.22067037	1.21426864	0	0	35.04807469
-12.30200683	1.23714405	0	0	34.83214592
-12.9691713	1.29191503	0	0	36.2346902
-14.31444806	1.30514091	0	0	35.39971684
-15.69330647	1.3213024	0	0	34.63672253
-16.85519953	1.34696077	0	0	34.45431376
-17.85756779	1.38577276	0	0	34.92527142
-19.24751909	1.4047326	0	0	34.26032639
-20.19338281	1.45403575	0	0	35.18157368
-21.34117371	1.50734873	0	0	36.05826289
-22.7084572	1.55384489	0	0	36.46217302
-24.47467145	1.58802107	0	0	36.00474123
-26.10379055	1.63500845	0	0	36.16133898
-27.55180902	1.72296703	0	0	38.05387107
-29.32636872	1.82056274	0	0	39.98324299
-31.72752332	1.86453375	0	0	39.25468738
-0.75173212	0.99953735	0	0	38.20929588
-2.51340314	1.00591238	0	0	36.71310418
-2.80419749	1.05020437	0	0	38.13578472
-2.78868035	1.10359635	0	0	40.22641658
-3.43270126	1.14433481	0	0	41.17029081
-4.56022319	1.17355804	0	0	41.18731651
-5.25424207	1.2139382	0	0	42.06647286
-6.18981545	1.24847831	0	0	42.48760375
-6.94108034	1.29609779	0	0	43.58944339
-7.9754227	1.32863267	0	0	43.83175078
-8.54858876	1.38110878	0	0	45.30981735
-9.71446422	1.4234992	0	0	45.79987488
-11.22633071	1.44135083	0	0	44.99455113
-12.69119529	1.47449832	0	0	44.83357448
-13.54298483	1.51829845	0	0	45.69299055
-13.69399282	1.61679247	0	0	49.3747262
-14.6532246	1.67871774	0	0	50.83181565
-15.59381531	1.73995835	0	0	52.27707999
-16.84622271	1.80974016	0	0	53.74892714
-17.84147948	1.89122238	0	0	55.92673285
-18.62106614	1.99283676	0	0	59.10678519
-20.94262558	2.05003448	0	0	59.02503659
-23.03711649	2.12352955	0	0	59.8029698
-25.17612643	2.21541462	0	0	61.25030096
-28.30006912	2.28194892	0	0	60.72334395
0.37993021	1.03609179	0	0	41.78827518
1.38675186	1.11185378	0	0	45.80074024
0.09757811	1.13396017	0	0	45.38210374
-1.11490757	1.15956656	0	0	45.19219128
-1.75174293	1.20170658	0	0	46.22623181
-1.31404368	1.26949663	0	0	49.34860001
-2.30919855	1.30323532	0	0	49.69320477
-3.76045742	1.33457949	0	0	49.49202238
-6.20254253	1.33150051	0	0	46.94139342
-7.12014555	1.36602147	0	0	47.40931509
-8.54601009	1.391122	0	0	46.98953209
-10.07357853	1.4195619	0	0	46.60212337
-12.15274573	1.41871014	0	0	44.51455686
-13.72990082	1.44379453	0	0	43.9480072
-15.4989684	1.45055979	0	0	42.46491535
-17.14333904	1.46969437	0	0	41.59432522
-18.41200621	1.50751639	0	0	41.83664551
-19.54005143	1.5657143	0	0	43.03326316
-21.33358514	1.57838863	0	0	41.75798611
-22.43927623	1.65455814	0	0	43.6939745
-24.2060968	1.69348854	0	0	43.4924556
-25.50735052	1.78114182	0	0	45.69025648
-27.55116336	1.83443578	0	0	45.7831088
-29.2127067	1.94664388	0	0	48.59823783
-31.57842409	2.04052128	0	0	49.98288587
